$ 1 0.000005 1.4391916095149893 50 5 50 5e-11
v 112 304 112 240 0 0 40 115 0 0 0.5
v 112 384 112 304 0 0 40 55 0 0 0.5
w 112 240 112 176 0
w 112 384 112 432 0
w 112 176 144 176 0
r 144 176 192 176 0 485
w 192 176 224 176 0
w 224 176 224 112 0
w 224 176 224 224 0
w 224 224 224 240 0
w 224 176 256 176 0
w 224 112 256 112 0
w 224 240 240 240 0
w 240 240 256 240 0
r 256 176 304 176 0 100
r 256 112 304 112 0 660
r 256 240 304 240 0 340
w 304 176 320 176 0
w 320 176 320 192 0
w 304 240 320 240 0
w 320 224 320 240 0
w 304 112 320 112 0
w 320 112 320 176 0
r 320 192 320 224 0 575
w 320 176 384 176 0
w 320 240 368 240 0
w 368 240 384 240 0
r 384 176 432 176 0 815
r 384 240 432 240 0 255
w 432 176 480 176 0
w 480 176 480 192 0
r 480 192 480 224 0 225
w 432 240 480 240 0
w 480 240 480 224 0
w 480 240 480 400 0
w 112 432 480 432 0
w 480 400 480 432 0
